
{'pred_cam': 猜测相机参数
tensor([[0.9167, 0.0190, 0.2127],
        [0.9171, 0.0167, 0.2113],
        [0.9172, 0.0131, 0.2116],
        ...,
        [0.9015, 0.0074, 0.2058],
        [0.9051, 0.0066, 0.2065],
        [0.9053, 0.0067, 0.2070]]),
 'pred_pose': 猜测人体JOINT,但是大概率是错的
 tensor([[ 2.0943,  0.0137, -0.0289,  ...,  0.2347,  1.7668, -0.1258],
        [ 2.0988,  0.0165, -0.0200,  ...,  0.2702,  1.7662, -0.1264],
        [ 2.1038,  0.0181, -0.0062,  ...,  0.3198,  1.7677, -0.1258],
        ...,
        [ 2.0004,  0.0540,  0.1269,  ...,  0.2099,  1.6892, -0.1539],
        [ 1.9936,  0.0561,  0.1241,  ...,  0.2065,  1.6808, -0.1541],
        [ 1.9842,  0.0559,  0.1236,  ...,  0.2169,  1.6846, -0.1517]]),
 'pred_shape': 猜测人体蒙皮形状数据
 tensor([[ 0.3007,  0.1603,  0.3691,  ..., -0.0933,  0.3985,  0.9459],
        [ 0.2761,  0.1332,  0.3542,  ..., -0.1137,  0.3745,  0.9167],
        [ 0.3010,  0.1240,  0.3488,  ..., -0.1142,  0.3671,  0.9415],
        ...,
        [ 0.3696, -0.0259,  0.2115,  ..., -0.0339,  0.3798,  0.8378],
        [ 0.3518, -0.0353,  0.1827,  ..., -0.0188,  0.4071,  0.8309],
        [ 0.3642, -0.0320,  0.1715,  ..., -0.0289,  0.4163,  0.8280]]),
 'pred_rotmat': 猜测关节旋转数据，人体节点绝对坐标值
 tensor([[[[ 0.9999,  0.0058, -0.0141],
          [ 0.0066, -0.9984,  0.0556],
          [-0.0138, -0.0557, -0.9984]],

         [[ 0.9909, -0.0973,  0.0935],
          [ 0.1003,  0.9946, -0.0284],
          [-0.0902,  0.0376,  0.9952]],

         [[ 0.9834,  0.0895, -0.1581],
          [-0.0952,  0.9950, -0.0290],
          [ 0.1547,  0.0436,  0.9870]],

         ...,

         [[ 0.9642,  0.2534, -0.0784],
          [-0.2644,  0.9413, -0.2096],
          [ 0.0207,  0.2229,  0.9746]],

         [[ 0.9961,  0.0782, -0.0396],
          [-0.0752,  0.9945,  0.0727],
          [ 0.0451, -0.0695,  0.9966]],

         [[ 0.9961, -0.0825,  0.0327],
          [ 0.0802,  0.9945,  0.0667],
          [-0.0380, -0.0638,  0.9972]]],


        [[[ 0.9999,  0.0073, -0.0099],
          [ 0.0078, -0.9985,  0.0546],
          [-0.0095, -0.0546, -0.9985]],

         [[ 0.9911, -0.0947,  0.0933],
          [ 0.0980,  0.9947, -0.0311],
          [-0.0898,  0.0400,  0.9952]],

         [[ 0.9834,  0.0919, -0.1564],
          [-0.0974,  0.9948, -0.0280],
          [ 0.1530,  0.0428,  0.9873]],

         ...,

         [[ 0.9649,  0.2490, -0.0841],
          [-0.2617,  0.9398, -0.2196],
          [ 0.0243,  0.2339,  0.9720]],

         [[ 0.9962,  0.0779, -0.0389],
          [-0.0749,  0.9945,  0.0729],
          [ 0.0444, -0.0697,  0.9966]],

         [[ 0.9961, -0.0818,  0.0339],
          [ 0.0794,  0.9946,  0.0662],
          [-0.0392, -0.0632,  0.9972]]],


        [[[ 1.0000,  0.0084, -0.0034],
          [ 0.0086, -0.9984,  0.0552],
          [-0.0030, -0.0552, -0.9985]],

         [[ 0.9916, -0.0910,  0.0915],
          [ 0.0944,  0.9950, -0.0331],
          [-0.0881,  0.0414,  0.9953]],

         [[ 0.9832,  0.0959, -0.1551],
          [-0.1010,  0.9946, -0.0251],
          [ 0.1519,  0.0404,  0.9876]],

         ...,

         [[ 0.9660,  0.2413, -0.0923],
          [-0.2569,  0.9356, -0.2421],
          [ 0.0280,  0.2576,  0.9658]],

         [[ 0.9964,  0.0755, -0.0381],
          [-0.0727,  0.9948,  0.0708],
          [ 0.0433, -0.0678,  0.9968]],

         [[ 0.9963, -0.0793,  0.0340],
          [ 0.0770,  0.9949,  0.0649],
          [-0.0389, -0.0620,  0.9973]]],


        ...,


        [[[ 0.9976,  0.0303,  0.0617],
          [ 0.0269, -0.9981,  0.0550],
          [ 0.0633, -0.0532, -0.9966]],

         [[ 0.9974, -0.0399,  0.0594],
          [ 0.0439,  0.9968, -0.0664],
          [-0.0566,  0.0689,  0.9960]],

         [[ 0.9922,  0.0244, -0.1219],
          [-0.0288,  0.9990, -0.0340],
          [ 0.1210,  0.0373,  0.9920]],

         ...,

         [[ 0.9843,  0.1647, -0.0639],
          [-0.1759,  0.9472, -0.2681],
          [ 0.0163,  0.2751,  0.9613]],

         [[ 0.9944,  0.0944, -0.0468],
          [-0.0897,  0.9914,  0.0949],
          [ 0.0554, -0.0902,  0.9944]],

         [[ 0.9945, -0.0959,  0.0422],
          [ 0.0921,  0.9921,  0.0855],
          [-0.0501, -0.0811,  0.9954]]],


        [[[ 0.9977,  0.0315,  0.0604],
          [ 0.0281, -0.9980,  0.0558],
          [ 0.0621, -0.0540, -0.9966]],

         [[ 0.9974, -0.0401,  0.0595],
          [ 0.0440,  0.9968, -0.0660],
          [-0.0566,  0.0684,  0.9960]],

         [[ 0.9923,  0.0240, -0.1211],
          [-0.0284,  0.9990, -0.0350],
          [ 0.1202,  0.0382,  0.9920]],

         ...,

         [[ 0.9840,  0.1672, -0.0621],
          [-0.1778,  0.9466, -0.2688],
          [ 0.0139,  0.2756,  0.9612]],

         [[ 0.9944,  0.0952, -0.0462],
          [-0.0904,  0.9912,  0.0965],
          [ 0.0550, -0.0918,  0.9943]],

         [[ 0.9944, -0.0968,  0.0419],
          [ 0.0929,  0.9919,  0.0861],
          [-0.0499, -0.0817,  0.9954]]],


        [[[ 0.9977,  0.0315,  0.0605],
          [ 0.0281, -0.9980,  0.0566],
          [ 0.0621, -0.0547, -0.9966]],

         [[ 0.9974, -0.0397,  0.0599],
          [ 0.0436,  0.9969, -0.0649],
          [-0.0571,  0.0674,  0.9961]],

         [[ 0.9922,  0.0252, -0.1222],
          [-0.0297,  0.9989, -0.0352],
          [ 0.1212,  0.0385,  0.9919]],

         ...,

         [[ 0.9834,  0.1685, -0.0667],
          [-0.1805,  0.9441, -0.2758],
          [ 0.0165,  0.2833,  0.9589]],

         [[ 0.9946,  0.0938, -0.0455],
          [-0.0892,  0.9915,  0.0948],
          [ 0.0540, -0.0902,  0.9945]],

         [[ 0.9946, -0.0952,  0.0404],
          [ 0.0915,  0.9922,  0.0845],
          [-0.0481, -0.0803,  0.9956]]]]),
 'pred_trans': 猜测根节点的坐标绝对平移数据，大概率猜对了
        tensor([[[-0.1158,  0.3271,  4.3900]],

        [[-0.1118,  0.3254,  4.3857]],

        [[-0.1069,  0.3265,  4.3899]],

        ...,

        [[-0.1754,  0.3231,  4.5239]],

        [[-0.1754,  0.3231,  4.5072]],

        [[-0.1747,  0.3238,  4.5063]]]),
 'frame': 视频帧索引
 tensor([   0,    1,    2,  ..., 1045, 1046, 1047])}
